3,2
3,1
3,3
10,117
10,147
10,246
10,72
10,213
10,154
10,22
10,7
11,7
11,6
9,2
9,3
8,5
8,12
8,7
8,17
8,14
8,2
8,3
60,4
60,3
60,2
60,1
60,0
59,4
59,3
59,2
59,1
59,0
57,6
57,5
57,4
57,3
57,2
57,1
57,0
56,3
56,2
56,1
56,0
50,3
50,2
50,1
50,0
49,3
49,2
49,1
49,0
48,3
48,2
48,1
48,0
45,4
45,3
45,2
45,1
45,0
44,4
44,3
44,2
44,1
44,0
42,5
42,4
42,3
42,2
42,1
28,4
28,3
28,1
25,3
25,1
20,3
20,2
20,1
19,3
19,2
19,1
18,3
18,1
14,4
14,1
12,3
14,5
12,2
14,3
12,1
13,1
11,30
11,29
13,3
11,28
11,27
11,26
11,25
11,24
11,23
11,22
11,21
11,20
11,19
11,18
11,17
11,16
11,15
11,14
11,13
11,12
